#lanches
losses:2425
service:3.0 5.5
servers:3
6842,8703;6,41
26615,3659;24,92
39308,8348;36,81
25678,3260;24,04
8347,9114;7,82
#bebidas
losses:328
service:2.0 4.0
servers:2
26581,2917;24,89
41319,1746;38,69
27409,9303;25,67
9727,0863;9,11
1755,8257;1,64
#sorvete
losses:1009
service:3.0 5.5
servers:1
33201,4092;31,09
40192,4895;37,64
25699,2920;24,06
7700,1179;7,21
#cinecar
losses:0
service:1.0 2.0
servers:1
21525,1838;20,16
38516,6623;36,07
29977,9351;28,07
12706,2390;11,90
3367,1514;3,15
622,0059;0,58
73,8910;0,07
4,2401;0,00
#entrada
losses:4110
service:2.0 5.0
servers:2
38,1040;0,04
1379,4389;1,29
5599,6489;5,24
11189,9304;10,48
17597,4590;16,48
27414,2241;25,67
29860,0882;27,96
13714,4151;12,84