#lanches
losses:33278
service:3.0 7.0
servers:1
57,5861;0,04
334,8524;0,22
4414,1974;2,95
53610,1389;35,84
91155,4396;60,94
#bebidas
losses:1877
service:2.0 4.0
servers:1
40347,6005;26,98
57475,0453;38,43
39827,4184;26,63
11922,1502;7,97
#sorvete
losses:52
service:1.0 2.0
servers:1
94244,0525;63,01
46007,6562;30,76
8551,9921;5,72
768,5136;0,51
#cinecar
losses:0
service:1.0 2.0
servers:3
86487,3731;57,82
54992,4338;36,77
7788,9665;5,21
303,4411;0,20
#entrada
losses:1561
service:2.0 5.0
servers:2
227,9963;0,15
8769,3246;5,86
26442,7460;17,68
31740,0189;21,22
29236,2037;19,55
26953,9562;18,02
19534,3174;13,06
6667,6513;4,46