#lanches
losses:2102
service:3.0 5.5
servers:3
8332,0504;7,30
30298,8072;26,53
41507,5637;36,35
26105,1865;22,86
7947,5356;6,96
#bebidas
losses:7632
service:2.0 4.0
servers:1
10550,7611;9,24
29875,5440;26,16
46945,2068;41,11
26819,6316;23,49
#sorvete
losses:995
service:3.0 5.5
servers:1
37832,7046;33,13
42826,4384;37,50
25999,0677;22,77
7532,9328;6,60
#cinecar
losses:0
service:1.0 2.0
servers:1
33691,9890;29,50
49949,0420;43,74
23806,7140;20,85
5726,1456;5,01
908,5949;0,80
99,4964;0,09
8,8854;0,01
0,2763;0,00
#entrada
losses:3421
service:2.0 5.0
servers:2
67,4568;0,06
2452,8512;2,15
9151,8717;8,01
15135,2523;13,25
20715,1873;18,14
27771,2542;24,32
27332,1096;23,94
11565,1604;10,13